version https://git-lfs.github.com/spec/v1
oid sha256:e1e4b1fbd35f3f470898f9fc31aff6c807bf5df5283a27f65f2b5a8f1679c9c6
size 281106
