1
Boundary 78
592.665 487.791
612.825 481.394
620.861 414.909
634.142 339.590
638.859 339.809
639.540 332.350
633.726 331.872
638.122 287.258
643.821 287.887
644.853 282.132
637.638 281.340
641.550 238.861
643.585 238.232
643.845 229.222
631.809 228.099
632.509 222.744
643.224 222.776
643.165 208.020
657.362 207.706
658.958 187.958
645.152 186.313
646.427 171.863
649.462 172.275
652.114 151.986
648.207 151.687
649.197 140.455
614.175 136.736
614.185 128.514
518.411 117.031
520.464 107.137
516.877 106.304
518.356 94.202
484.269 89.221
482.135 100.868
473.566 102.080
464.676 56.698
431.178 62.821
433.767 81.695
419.999 84.214
437.682 158.812
409.645 177.858
403.494 184.266
406.634 188.623
417.782 183.625
422.973 193.877
429.572 223.688
412.853 226.691
411.708 270.548
432.973 268.348
442.641 299.930
434.510 306.285
439.024 310.143
445.349 306.836
455.964 329.223
452.038 333.011
455.211 336.464
462.630 332.964
467.529 338.610
474.189 366.244
468.975 367.724
469.675 372.996
476.674 371.457
479.753 390.213
474.856 391.549
476.254 397.585
482.226 396.512
484.099 434.248
491.234 437.124
486.069 450.621
499.591 457.263
505.104 470.928
520.719 473.392
517.890 482.947
536.425 487.417
539.501 476.878
559.122 475.580
563.127 483.589
587.579 483.301

