361
Building 4 7 299.887
568.548 480.154
584.839 475.224
578.960 458.043
564.356 461.118

Building 4 5 113.837
564.356 461.118
578.960 458.043
576.313 450.331
562.494 453.857

Building 6 7 142.401
545.183 469.528
563.003 467.002
561.920 459.969
552.182 462.242
551.010 455.393
547.554 456.016

Building 4 3 65.382
552.182 462.242
561.920 459.969
561.166 454.025
551.010 455.393

Building 4 6 66.579
561.184 451.153
568.770 449.398
566.579 441.030
559.072 442.915

Building 4 3 53.615
568.770 449.398
574.966 447.621
571.979 439.133
566.579 441.030

Building 5 1 75.978
565.013 441.423
566.579 441.030
571.979 439.133
569.688 429.320
562.650 430.963

Building 7 6 116.335
555.715 432.003
562.650 430.963
569.688 429.320
566.578 422.195
559.283 424.221
558.598 420.683
553.627 421.748

Building 5 2 45.855
559.283 424.221
566.578 422.195
565.530 416.346
558.271 418.086
558.598 420.683

Building 6 4 75.101
550.055 420.723
556.559 419.540
555.916 416.475
557.933 416.029
555.914 407.046
551.593 407.711

Building 6 7 111.444
557.933 416.029
565.695 414.500
562.917 402.044
552.403 404.148
552.685 407.543
555.914 407.046

Building 5 5 100.811
553.801 401.901
563.672 400.278
562.145 388.202
555.208 388.210
555.692 394.169

Building 9 4 227.694
542.406 404.394
550.173 406.303
551.549 402.394
553.801 401.901
555.692 394.169
555.208 388.210
538.557 389.392
537.546 396.760
543.538 397.327

Building 8 1 242.632
544.807 386.333
562.305 383.508
561.278 378.223
559.150 378.127
558.243 373.761
549.625 375.118
547.932 363.732
541.734 364.714

Building 4 5 192.700
541.734 364.714
558.558 362.117
556.510 350.796
539.892 353.617

Building 4 5 98.682
541.176 351.264
556.286 348.680
555.331 342.740
540.192 344.429

Building 5 1 107.024
527.880 353.448
541.176 351.264
540.192 344.429
530.893 344.576
526.207 345.447

Building 6 7 134.007
526.207 345.447
530.893 344.576
540.192 344.429
542.823 344.135
540.826 335.394
524.298 338.131

Building 4 4 71.741
542.823 344.135
550.442 343.286
548.690 334.029
540.826 335.394

Building 4 1 53.159
550.442 343.286
555.331 342.740
555.008 333.265
548.690 334.029

Building 6 5 166.335
538.279 333.961
555.918 330.649
554.394 322.064
541.690 324.257
541.283 322.546
536.629 323.383

Building 12 7 283.567
530.759 324.068
536.629 323.383
541.283 322.546
550.971 320.572
549.871 315.897
544.150 317.117
542.054 306.655
548.171 305.453
546.363 295.882
534.611 297.534
537.983 317.887
529.893 319.550

Building 10 4 111.708
544.150 317.117
549.871 315.897
550.971 320.572
555.100 319.598
556.052 314.107
555.419 313.783
551.245 314.185
549.895 305.313
548.171 305.453
542.054 306.655

Building 6 5 106.995
551.245 314.185
555.419 313.783
556.343 298.271
555.890 295.779
548.381 297.105
549.895 305.313

Building 5 6 109.857
534.611 297.534
546.363 295.882
548.240 295.460
546.828 287.365
533.796 289.650

Building 6 4 77.252
548.240 295.460
556.771 294.207
556.208 289.991
557.212 289.875
556.272 285.615
546.828 287.365

Building 4 3 177.285
543.166 285.399
559.102 283.353
556.230 271.161
540.894 276.056

Building 8 6 255.124
540.894 276.056
556.230 271.161
553.583 261.747
548.556 251.397
547.478 251.535
541.673 254.804
545.106 263.594
537.098 267.557

Building 6 7 97.537
537.098 267.557
545.106 263.594
541.673 254.804
537.223 256.941
536.166 255.879
531.852 258.434

Building 19 4 373.398
531.852 258.434
536.166 255.879
537.223 256.941
541.673 254.804
547.478 251.535
543.411 243.587
533.477 248.031
534.651 250.406
533.486 250.980
529.011 242.228
527.753 242.656
527.020 241.038
529.510 239.764
527.387 234.909
533.912 233.270
531.936 227.486
514.855 231.576
521.091 245.155
523.835 244.151

Building 8 6 161.366
532.783 246.785
542.851 242.028
538.871 234.031
537.188 226.541
531.936 227.486
533.912 233.270
527.387 234.909
529.510 239.764

Building 6 5 88.100
546.634 244.295
551.315 242.250
546.806 229.521
541.068 230.826
541.352 234.063
542.573 238.067

Building 4 5 95.911
526.120 227.787
537.755 225.358
536.294 217.743
524.384 219.703

Building 5 1 82.278
524.384 219.703
536.294 217.743
535.388 213.942
526.509 210.988
522.655 210.868

Building 6 4 223.351
522.354 207.416
532.905 211.573
539.955 192.523
534.826 190.169
534.333 190.926
529.755 188.919

Building 4 7 99.585
512.773 204.387
520.487 207.212
524.838 195.950
517.258 192.963

Building 17 5 286.076
517.258 192.963
524.838 195.950
529.033 185.353
531.079 185.781
532.424 180.343
523.562 178.641
522.363 184.589
519.400 183.910
519.321 181.934
509.108 180.255
506.932 180.828
505.625 186.351
506.756 186.528
505.211 192.671
513.922 194.911
515.781 188.363
518.820 189.214

Building 8 4 296.349
532.834 188.001
540.040 190.056
543.258 172.102
536.043 170.555
537.712 161.484
529.198 159.547
525.356 177.212
534.218 178.913

Building 5 3 111.400
536.043 170.555
543.258 172.102
548.151 172.586
549.054 163.439
537.712 161.484

Building 4 5 65.044
529.198 159.547
537.712 161.484
539.344 154.431
530.868 152.114

Building 5 4 89.189
537.712 161.484
549.054 163.439
550.483 155.767
539.752 153.778
539.344 154.431

Building 6 6 93.770
543.439 177.665
553.345 179.874
554.814 168.508
548.715 166.877
548.151 172.586
544.303 172.206

Building 5 5 84.609
554.814 168.508
557.888 155.323
550.483 155.767
549.054 163.439
548.715 166.877

Building 4 6 323.639
532.958 149.223
546.507 151.724
550.605 128.447
537.001 126.237

Building 6 6 292.864
548.607 151.903
553.699 153.057
556.065 152.954
558.529 151.638
568.289 131.806
552.661 128.665

Building 4 4 56.548
534.882 478.632
541.961 480.738
543.962 473.233
537.093 471.177

Building 5 6 220.094
542.116 480.159
565.370 477.809
563.003 467.002
545.183 469.528
543.962 473.233

Building 4 7 45.208
537.630 468.864
542.966 470.207
544.385 461.003
540.138 460.113

Building 11 4 296.724
515.292 453.295
528.870 456.192
528.849 457.083
538.343 459.736
544.385 461.003
546.277 445.562
539.171 443.951
537.404 453.112
528.401 451.094
529.223 446.081
517.544 443.565

Building 6 3 100.389
524.603 465.132
536.220 468.733
538.524 459.774
528.849 457.083
527.990 461.283
525.827 460.782

Building 6 5 102.161
513.800 464.458
523.995 467.378
524.603 465.132
525.827 460.782
526.751 457.703
516.136 455.658

Building 11 6 198.355
501.249 474.204
512.978 476.803
514.079 473.978
521.490 475.979
523.995 467.378
513.800 464.458
511.642 464.090
511.095 467.208
505.705 465.863
505.088 468.145
500.862 467.310

Building 10 5 184.488
500.862 467.310
505.088 468.145
505.705 465.863
511.095 467.208
511.642 464.090
512.783 455.062
507.143 454.458
501.684 453.432
496.209 453.346
499.466 467.139

Building 4 2 47.162
495.330 450.136
500.978 451.761
502.022 444.851
494.198 443.020

Building 4 6 91.495
500.978 451.761
513.424 454.016
514.909 446.911
502.022 444.851

Building 9 6 411.140
487.030 439.822
515.543 444.844
519.372 430.135
504.396 427.121
493.640 426.259
492.680 433.093
489.273 432.643
489.178 436.507
487.707 436.817

Building 6 3 402.761
481.072 437.081
487.707 436.817
489.178 436.507
489.273 432.643
490.611 395.042
479.474 394.834

Building 8 2 99.868
540.880 284.882
538.997 277.015
533.785 277.960
534.876 281.660
532.600 282.424
531.602 277.492
526.824 278.551
528.755 287.929

Building 4 4 84.220
519.916 289.595
528.755 287.929
526.824 278.551
518.185 280.445

Building 4 6 85.781
512.021 291.709
519.916 289.595
518.185 280.445
508.549 282.535

Building 12 4 250.748
499.220 297.400
512.021 291.709
508.549 282.535
506.833 277.922
503.915 268.386
490.516 271.339
491.286 274.361
497.245 272.860
499.093 280.282
500.049 280.085
503.204 289.245
496.727 291.534

Building 9 5 248.595
486.065 303.428
499.220 297.400
496.727 291.534
503.204 289.245
500.049 280.085
499.093 280.282
491.839 282.830
493.129 286.893
482.754 289.708

Building 4 7 49.219
493.156 282.367
499.093 280.282
497.245 272.860
491.286 274.361

Building 7 6 60.219
482.754 289.708
493.129 286.893
491.839 282.830
491.638 282.066
486.645 283.500
485.631 282.182
481.281 283.313

Building 6 8 97.326
481.281 283.313
485.631 282.182
486.645 283.500
491.638 282.066
489.014 272.175
479.116 275.157

Building 4 3 102.612
469.479 287.979
480.217 285.533
477.756 276.128
467.375 279.125

Building 5 7 206.144
475.884 306.191
484.692 303.566
480.217 285.533
469.479 287.979
472.609 301.636

Building 8 4 195.413
458.750 300.033
469.365 297.636
465.174 278.233
463.411 278.706
462.791 276.060
458.848 277.615
460.759 285.833
455.733 286.874

Building 9 4 157.959
447.031 295.022
457.098 292.827
455.733 286.874
460.759 285.833
458.848 277.615
458.578 276.626
449.330 277.985
451.274 287.304
445.561 288.687

Building 4 7 68.347
448.614 302.562
457.366 300.763
455.520 293.171
447.031 295.022

Building 4 4 119.516
435.576 299.631
446.170 297.251
444.238 288.442
429.280 291.473

Building 4 5 54.315
439.678 304.739
447.383 302.746
446.170 297.251
435.576 299.631

Building 4 6 105.571
435.325 290.248
444.238 288.442
441.849 277.776
432.874 277.802

Building 4 5 56.615
445.561 288.687
451.274 287.304
449.330 277.985
443.915 278.157

Building 8 6 382.489
429.280 291.473
435.325 290.248
432.874 277.802
441.849 277.776
443.427 270.252
443.880 260.323
424.216 262.090
425.119 271.045

Building 12 5 228.394
562.619 293.421
591.832 288.176
590.259 281.024
585.671 281.676
585.826 283.573
577.867 285.448
577.138 283.249
568.554 285.199
567.548 279.997
561.674 281.588
562.644 286.822
561.206 287.307

Building 7 4 112.052
568.554 285.199
577.138 283.249
577.371 283.952
583.660 282.616
582.204 275.160
567.465 278.034
567.548 279.997

Building 13 5 462.556
599.403 319.041
602.807 317.880
603.337 319.593
608.949 318.439
600.684 285.050
598.829 285.402
595.166 273.928
595.194 270.410
585.578 272.395
584.312 274.956
585.671 281.676
590.259 281.024
591.832 288.176

Building 14 1 214.895
610.221 316.574
612.803 315.599
614.423 300.911
612.816 300.773
615.039 279.666
613.104 279.447
611.864 285.094
604.248 285.506
606.507 295.783
605.021 296.575
606.445 302.448
608.063 301.799
609.370 307.977
608.165 308.644

Building 9 4 257.415
600.684 285.050
604.420 284.001
610.731 284.183
613.210 266.937
599.957 267.541
600.035 269.442
595.194 270.410
595.166 273.928
598.829 285.402

Building 4 7 146.938
599.957 267.541
613.210 266.937
616.628 257.123
599.215 258.055

Building 5 5 92.306
587.155 269.320
599.957 267.541
599.436 260.880
584.884 262.420
586.611 265.248

Building 8 6 151.224
584.884 262.420
599.436 260.880
599.215 258.055
599.017 255.403
589.015 256.161
582.679 245.821
577.997 251.087
581.856 256.124

Building 5 3 87.673
604.797 256.611
616.078 256.395
615.644 248.961
615.596 247.595
604.327 249.946

Building 13 5 329.890
608.757 238.113
609.347 241.473
601.104 243.371
595.258 247.152
589.679 237.722
582.679 245.821
589.015 256.161
599.017 255.403
602.993 254.967
602.443 250.059
604.327 249.946
615.596 247.595
613.343 236.406

Building 5 6 84.394
589.679 237.722
595.258 247.152
600.933 243.481
597.745 236.779
594.271 232.508

Building 4 6 165.233
603.068 240.737
612.189 234.821
607.441 222.335
595.189 230.790

Building 7 5 313.555
560.313 277.367
583.391 271.845
584.088 266.411
578.370 256.253
566.246 260.105
568.253 266.074
558.287 269.542

Building 5 3 88.162
558.287 269.542
568.253 266.074
566.246 260.105
565.588 258.072
555.369 262.142

Building 5 3 134.977
566.246 260.105
577.751 256.450
572.192 245.589
561.845 249.543
565.588 258.072

Building 4 4 75.705
561.845 249.543
572.192 245.589
569.957 239.351
559.239 243.200

Building 4 4 100.318
555.369 262.142
565.588 258.072
561.845 249.543
552.271 252.999

Building 5 8 95.623
552.288 252.974
561.845 249.543
559.256 243.175
558.261 239.921
549.374 244.430

Building 4 4 61.377
434.380 259.357
440.212 258.455
438.577 248.262
432.656 249.182

Building 5 5 179.778
432.167 247.711
451.578 244.757
449.598 235.846
442.272 236.549
430.556 238.994

Building 6 6 90.626
433.593 236.399
442.709 235.205
441.112 226.135
430.461 228.030
431.136 232.614
433.118 232.770

Building 6 7 69.569
424.707 237.889
433.593 236.399
433.118 232.770
431.136 232.614
430.461 228.030
423.439 229.340

Building 4 6 77.872
423.230 227.615
431.851 226.135
430.068 217.255
421.286 219.366

Building 4 4 81.517
431.851 226.135
440.503 224.458
438.713 215.248
430.068 217.255

Building 5 4 211.812
427.045 217.981
437.528 215.523
431.852 197.040
421.127 200.769
423.432 209.034

Building 7 5 135.448
421.127 200.769
431.852 197.040
433.699 196.152
430.254 187.338
416.040 192.422
416.940 196.394
419.655 195.489

Building 5 7 119.104
418.924 191.390
430.254 187.338
428.630 178.538
415.757 182.136
417.729 188.340

Building 4 8 105.642
418.946 178.606
427.096 176.797
424.967 164.200
416.920 166.050

Building 6 5 132.589
408.912 182.486
418.946 178.606
416.920 166.050
409.095 167.821
408.045 172.900
408.093 176.224

Building 6 5 73.500
439.606 178.242
448.522 178.997
449.237 171.572
444.715 170.883
444.882 169.175
441.142 168.786

Building 12 6 258.515
427.096 176.797
432.042 176.404
439.606 178.242
441.142 168.786
444.882 169.175
444.715 170.883
449.237 171.572
450.423 166.895
449.342 162.007
432.775 165.196
431.988 162.586
424.967 164.200

Building 5 5 73.668
433.514 187.272
436.740 186.318
441.781 187.250
442.820 180.455
431.432 178.158

Building 6 4 114.483
435.445 197.259
446.745 194.690
448.077 188.282
441.781 187.250
436.740 186.318
433.514 187.272

Building 9 7 92.092
452.049 195.677
453.688 186.886
447.623 185.622
448.545 180.912
443.187 179.680
442.820 180.455
441.781 187.250
448.077 188.282
446.745 194.690

Building 4 1 68.819
424.663 159.429
431.131 158.034
429.088 148.156
422.237 149.584

Building 5 7 101.789
411.562 167.282
431.988 162.586
431.131 158.034
424.663 159.429
410.861 162.049

Building 5 3 195.799
449.342 162.007
446.780 150.658
430.293 153.986
431.988 162.586
432.775 165.196

Building 4 1 33.114
420.662 147.106
428.017 145.616
427.243 141.388
419.865 142.635

Building 4 6 42.268
419.865 142.635
427.243 141.388
425.856 135.447
418.864 137.331

Building 5 5 131.764
416.985 137.292
418.864 137.331
425.856 135.447
423.566 120.817
415.541 121.806

Building 14 1 1068.658
429.087 140.509
443.881 137.955
433.767 81.695
412.111 85.657
413.418 92.484
418.274 91.307
418.690 94.011
414.123 94.771
416.314 107.062
421.217 106.048
421.777 109.135
416.767 110.144
419.066 120.076
424.825 119.209

Building 7 6 119.512
449.342 162.007
452.512 161.314
451.535 158.014
454.549 157.358
451.811 140.824
445.272 142.200
446.780 150.658

Building 4 5 128.387
477.288 391.936
487.339 389.705
485.434 377.871
474.806 379.824

Building 4 7 65.994
496.881 392.297
505.870 390.538
504.426 383.598
496.033 384.387

Building 4 5 64.034
496.795 384.316
504.426 383.598
502.210 374.630
495.298 376.276

Building 4 6 135.164
508.759 391.562
519.541 389.884
516.340 377.537
505.514 380.176

Building 5 4 76.410
505.646 378.807
514.407 376.762
512.502 368.564
503.854 370.407
503.915 371.338

Building 4 3 49.278
496.538 375.981
502.210 374.630
500.985 366.668
494.776 368.038

Building 5 5 92.342
503.854 370.407
512.502 368.564
515.083 367.993
513.424 360.459
502.158 362.150

Building 11 6 194.884
514.407 376.762
518.630 375.784
519.136 377.560
528.958 375.735
526.476 362.768
523.382 363.212
522.716 360.398
515.603 361.898
516.545 367.750
515.083 367.993
512.502 368.564

Building 4 3 98.310
522.252 389.250
532.045 388.241
530.303 377.977
520.415 380.104

Building 5 2 281.837
532.045 388.241
544.807 386.333
541.734 364.714
528.715 367.441
530.303 377.977

Building 4 6 87.675
534.097 366.313
541.734 364.714
539.892 353.617
532.320 355.079

Building 5 3 67.847
528.715 367.441
534.097 366.313
532.320 355.079
532.093 353.771
526.974 355.036

Building 7 6 147.552
505.836 361.598
513.424 360.459
525.687 358.541
524.298 349.745
519.311 350.531
519.562 352.787
504.733 354.712

Building 7 5 286.314
502.158 362.150
505.836 361.598
504.733 354.712
517.697 353.029
515.316 338.683
497.466 340.867
499.465 350.788

Building 8 4 64.218
516.777 347.487
518.983 347.547
519.704 348.701
524.272 347.896
522.881 338.175
518.862 338.573
518.721 340.684
515.756 341.335

Building 4 4 95.356
517.310 336.908
524.318 336.063
522.621 323.125
515.014 324.298

Building 7 5 134.270
505.222 337.404
517.149 336.022
515.014 324.298
514.881 323.494
510.601 324.286
510.718 325.755
504.004 326.578

Building 4 4 93.556
496.616 338.451
505.222 337.404
504.004 326.578
494.929 328.618

Building 7 6 214.438
494.418 326.462
510.601 324.286
514.881 323.494
513.982 316.676
511.886 317.088
511.161 313.117
493.156 315.845

Building 6 6 222.635
507.092 311.723
520.510 309.627
530.353 308.089
528.380 299.024
517.414 300.068
505.718 302.598

Building 7 4 86.114
528.056 319.688
529.893 319.550
537.983 317.887
537.069 312.371
534.651 312.705
533.956 309.066
526.626 310.340

Building 6 4 152.543
519.761 299.845
528.380 299.024
530.353 308.089
534.153 307.592
532.115 289.821
519.058 291.651

Building 7 5 268.674
492.761 313.847
507.092 311.723
505.718 302.598
517.572 300.053
516.012 292.380
504.377 296.872
490.680 304.250

Building 10 4 196.356
508.549 282.535
521.018 279.837
519.344 273.326
515.474 274.172
514.838 271.565
517.839 270.842
514.911 262.868
505.037 265.214
508.029 277.702
506.833 277.922

Building 5 8 85.374
521.018 279.837
531.602 277.492
529.899 269.614
519.513 272.467
519.344 273.326

Building 5 4 54.333
531.602 277.492
538.636 275.751
536.838 271.072
535.220 267.787
529.899 269.614

Building 6 6 158.009
520.767 270.654
533.724 265.808
526.948 253.375
524.283 255.127
524.423 256.410
516.892 260.161

Building 5 4 120.984
483.991 344.039
489.464 344.424
496.214 343.320
493.770 332.553
483.134 334.823

Building 4 5 67.275
483.134 334.823
493.770 332.553
492.559 326.552
482.433 328.226

Building 4 4 74.737
473.676 339.779
481.429 338.920
480.286 329.079
472.401 330.922

Building 4 3 40.109
474.448 344.654
482.316 344.174
481.429 338.920
473.676 339.779

Building 7 8 63.587
461.102 336.351
463.945 336.040
471.523 334.160
470.469 328.217
460.663 330.480
461.141 332.107
460.319 332.686

Building 4 1 71.685
466.262 345.340
472.995 344.060
471.523 334.160
463.945 336.040

Building 7 2 88.658
467.511 356.220
475.656 355.488
473.819 346.341
471.812 346.251
471.591 344.327
466.262 345.340
465.253 345.646

Building 4 3 63.348
475.656 355.488
481.632 354.812
480.973 345.037
473.819 346.341

Building 5 6 73.069
488.646 361.421
499.726 360.294
498.041 354.608
497.633 353.357
488.239 354.363

Building 4 9 70.125
490.402 354.131
497.633 353.357
496.214 343.320
489.464 344.424

Building 5 5 55.922
484.829 354.495
488.239 354.363
490.402 354.131
489.464 344.424
483.991 344.039

Building 15 6 367.078
487.305 389.498
489.293 389.159
490.282 392.319
496.881 392.297
496.033 384.387
496.795 384.316
495.298 376.276
496.538 375.981
494.776 368.038
494.538 365.493
484.562 366.164
484.535 368.693
473.129 370.179
474.806 379.824
485.434 377.871

Building 9 4 103.723
484.562 366.164
494.538 365.493
500.761 364.488
499.726 360.294
488.646 361.421
488.239 354.363
484.829 354.495
483.916 354.760
483.995 360.607

Building 5 3 137.902
472.310 368.756
483.016 367.590
481.632 354.812
475.656 355.488
471.001 355.906

Building 4 7 37.561
443.813 311.837
450.267 310.410
448.554 304.799
442.448 306.173

Building 12 4 261.791
445.422 318.200
456.244 315.630
457.053 319.104
471.521 316.114
471.021 313.445
470.090 313.403
469.316 309.931
462.936 311.258
460.513 302.314
448.554 304.799
450.267 310.410
443.813 311.837

Building 6 6 81.165
462.936 311.258
469.316 309.931
469.006 306.135
471.146 305.407
470.022 299.754
460.513 302.314

Building 15 5 214.695
471.021 313.445
471.521 316.114
457.053 319.104
456.244 315.630
445.422 318.200
447.673 323.355
449.222 323.459
450.109 326.730
451.660 326.800
458.394 324.527
457.849 322.852
478.871 318.509
476.179 307.869
471.249 309.193
472.023 313.421

Building 6 5 72.004
478.866 312.376
484.946 310.567
485.822 314.310
490.699 313.122
488.716 304.810
478.039 307.552

Building 6 6 165.318
482.433 328.226
492.559 326.552
490.699 313.122
485.822 314.310
484.946 310.567
478.866 312.376

Building 8 6 78.381
455.442 331.564
458.543 330.428
458.550 329.306
466.203 328.222
464.839 321.408
457.849 322.852
458.394 324.527
451.660 326.800

Building 6 7 118.602
480.286 329.079
478.871 318.509
466.339 321.098
467.601 327.603
471.764 327.440
472.401 330.922

Building 4 5 52.662
424.820 249.004
430.628 248.098
429.348 239.068
423.864 239.680

Building 4 7 49.758
421.286 219.366
427.045 217.981
423.432 209.034
419.027 210.210

Building 5 8 54.336
419.027 210.210
423.432 209.034
419.655 195.489
416.940 196.394
416.606 196.660

Building 4 4 38.169
413.359 190.629
417.918 188.823
415.757 182.136
410.040 184.891

Building 4 2 42.700
410.861 162.049
417.507 160.787
417.561 153.771
412.498 154.230

Building 4 2 52.773
535.516 418.964
541.595 420.442
543.099 411.710
537.240 410.689

Building 4 7 57.410
541.595 420.442
548.068 421.628
549.335 412.783
543.099 411.710

Building 5 5 179.863
526.925 408.195
522.759 423.818
533.779 426.757
535.516 418.964
537.240 410.689

Building 10 3 291.606
526.925 408.195
537.240 410.689
543.099 411.710
549.335 412.783
550.173 406.303
542.406 404.394
543.538 397.327
537.546 396.760
538.376 390.709
530.831 390.704

Building 4 4 97.805
501.561 421.417
507.553 422.547
510.303 406.172
504.460 405.564

Building 4 3 127.943
508.081 426.111
519.579 428.418
521.818 417.932
510.193 415.379

Building 4 7 110.666
510.193 415.379
521.818 417.932
523.624 408.630
512.126 406.323

Building 4 8 67.214
494.142 412.213
502.363 412.172
501.505 403.712
493.363 404.306

Building 8 7 66.072
492.956 424.568
495.670 424.897
496.226 421.038
499.426 421.286
499.900 416.185
501.426 416.048
501.299 413.533
493.196 413.270

Building 6 4 42.952
495.670 424.897
506.605 425.907
507.553 422.547
501.561 421.417
499.426 421.286
496.226 421.038

Building 7 3 192.568
493.363 404.306
501.505 403.712
501.693 405.563
504.841 405.604
510.303 406.172
511.750 393.382
492.465 395.225

Building 4 5 171.142
512.316 404.441
524.005 407.101
527.228 391.710
513.919 392.758

Building 6 4 159.568
518.140 441.647
526.108 443.872
528.599 433.271
532.168 434.004
533.402 428.252
521.840 425.594

Building 4 5 67.508
539.807 431.754
546.477 433.309
547.861 422.834
541.323 422.253

Building 10 6 190.130
532.168 434.004
534.345 434.719
533.472 441.257
544.638 443.103
546.477 433.309
539.807 431.754
541.323 422.253
534.933 421.577
533.779 426.757
533.402 428.252

Building 4 3 101.577
548.296 453.014
561.184 451.153
559.072 442.915
548.015 444.642

Building 6 8 181.479
548.015 444.642
559.072 442.915
565.013 441.423
562.650 430.963
555.715 432.003
547.647 433.340

Building 4 4 64.437
547.647 433.340
555.715 432.003
553.627 421.748
549.457 422.583

Building 6 5 65.485
517.507 144.451
519.147 145.170
520.077 143.708
531.160 145.606
531.894 141.342
518.315 138.580

Building 4 6 312.417
501.157 144.464
514.950 144.927
518.897 123.461
505.126 121.335

Building 4 8 112.311
518.315 138.580
525.533 140.048
527.853 124.671
520.845 123.334

Building 4 6 107.335
525.533 140.048
531.894 141.342
534.929 125.689
527.853 124.671

Building 4 6 67.534
493.452 127.572
501.639 129.042
502.996 121.232
494.434 119.676

Building 5 7 117.601
481.658 127.967
493.047 129.952
493.452 127.572
494.434 119.676
483.646 117.710

Building 4 7 66.012
568.738 140.376
577.721 140.997
578.878 133.369
571.927 131.980

Building 4 7 92.982
579.261 145.094
587.020 146.519
588.906 134.735
581.022 133.680

Building 4 5 112.391
587.020 146.519
596.404 147.803
598.383 136.345
588.906 134.735

Building 5 6 87.911
601.901 150.307
607.873 150.684
608.264 138.564
601.267 138.194
600.055 144.638

Building 4 2 96.003
614.509 154.260
619.135 154.577
620.615 137.511
614.175 136.736

Building 3 1 66.607
616.427 183.188
619.135 154.577
614.509 154.260

Building 4 12 1323.910
616.427 183.188
645.152 186.313
649.197 140.455
620.615 137.511

Building 4 1 71.019
646.427 171.863
649.462 172.275
652.114 151.986
648.207 151.687

Building 6 2 260.284
624.270 206.940
638.473 200.673
639.318 188.956
632.501 188.510
632.381 191.908
616.072 190.586

Building 6 3 86.659
616.072 190.586
632.381 191.908
632.501 188.510
628.449 188.018
627.894 185.793
615.547 184.685

Building 6 4 190.472
633.798 224.420
645.248 225.794
646.371 207.699
642.487 207.317
638.751 209.726
634.831 209.342

Building 9 9 614.439
624.315 279.951
631.131 281.076
631.119 282.791
633.308 282.758
634.088 281.071
638.292 281.553
642.482 239.215
628.737 237.700
627.956 238.180

Building 8 2 971.395
615.507 330.209
633.726 331.872
638.122 287.258
618.059 285.344
615.971 288.607
614.423 300.911
612.803 315.599
613.001 320.446

Building 7 2 570.571
615.640 366.029
624.694 373.257
632.091 373.866
635.249 339.524
618.952 338.358
618.970 349.798
613.426 350.676

Building 4 3 290.424
622.069 414.334
628.602 415.435
632.091 373.866
624.694 373.257

Building 7 1 165.841
619.628 448.919
624.895 449.372
628.320 416.873
622.857 415.981
621.037 441.679
621.625 444.176
619.745 445.165

Building 5 3 254.794
612.825 481.394
621.785 482.722
624.083 454.545
618.476 453.621
614.663 455.882

Building 5 1 29.132
618.476 453.621
624.083 454.545
624.895 449.372
619.628 448.919
618.798 449.505

Building 10 1 3318.862
433.767 81.695
443.881 137.955
446.627 139.261
453.199 138.322
457.062 156.543
477.156 152.510
482.135 100.868
473.566 102.080
464.676 56.698
431.178 62.821

Building 10 1 173.784
428.017 145.616
431.616 145.403
433.522 153.335
443.733 151.273
442.197 141.746
446.583 140.225
446.627 139.261
443.881 137.955
429.087 140.509
427.243 141.388

Building 7 5 808.357
481.169 110.887
518.411 117.031
520.464 107.137
516.877 106.304
518.356 94.202
484.269 89.221
482.135 100.868

Building 6 2 269.622
592.665 487.791
600.415 485.217
600.531 472.271
598.740 461.527
586.265 464.629
588.942 477.145

Building 6 4 130.343
600.415 485.217
612.825 481.394
613.322 474.492
607.005 474.864
607.828 470.579
600.531 472.271

Building 6 5 192.070
600.531 472.271
607.828 470.579
607.005 474.864
613.322 474.492
614.538 457.621
598.740 461.527

Building 4 7 54.791
583.758 463.214
590.712 461.103
588.227 454.254
581.117 455.819

Building 5 5 156.426
590.712 461.103
599.486 458.670
595.068 442.752
585.777 445.655
588.227 454.254

Building 4 5 64.027
581.117 455.819
588.227 454.254
585.777 445.655
578.546 447.888

Building 16 7 238.333
599.486 458.670
614.663 455.882
618.476 453.621
618.798 449.505
619.628 448.919
619.745 445.165
621.625 444.176
621.037 441.679
621.196 439.438
604.708 441.122
605.590 444.530
615.475 443.450
615.815 445.890
609.499 446.862
609.168 449.183
597.710 452.270

Building 4 4 55.230
596.988 449.671
604.195 447.431
602.309 440.295
595.068 442.752

Building 4 3 51.930
604.708 441.122
612.148 440.362
610.717 433.040
603.416 434.821

Building 6 5 85.102
612.148 440.362
621.196 439.438
621.820 430.623
616.163 430.367
616.075 432.295
610.717 433.040

Building 4 7 49.441
587.850 442.740
594.446 440.568
592.266 433.958
585.844 435.284

Building 5 5 114.264
577.881 446.470
587.850 442.740
585.844 435.284
584.968 433.307
574.250 436.116

Building 5 6 93.148
574.250 436.116
584.968 433.307
584.161 429.537
583.024 425.291
572.066 428.089

Building 9 3 107.271
585.844 435.284
592.266 433.958
594.446 440.568
602.792 438.544
601.486 432.995
594.621 434.725
592.943 427.502
584.161 429.537
584.968 433.307

Building 5 5 147.961
601.486 432.995
614.019 430.429
612.798 423.015
592.943 427.502
594.621 434.725

Building 6 4 104.635
600.881 425.709
612.798 423.015
611.623 420.289
606.945 414.588
598.352 416.602
599.273 421.369

Building 4 5 58.294
598.352 416.602
606.945 414.588
605.768 408.125
597.100 410.119

Building 4 2 76.075
584.161 429.537
600.881 425.709
599.273 421.369
583.024 425.291

Building 6 7 155.695
589.789 423.658
599.273 421.369
597.100 410.119
577.311 414.111
578.360 417.722
587.844 416.168

Building 6 5 159.930
570.374 426.300
589.311 421.815
587.844 416.168
578.360 417.722
577.311 414.111
568.103 415.937

Building 4 5 115.759
586.944 409.948
597.476 408.211
595.561 397.030
585.588 399.166

Building 5 4 138.018
577.510 411.648
586.944 409.948
585.588 399.166
584.838 395.970
575.159 398.004

Building 4 4 91.014
597.476 408.211
605.551 406.535
603.531 395.752
595.561 397.030

Building 7 5 154.941
605.551 406.535
612.626 405.274
611.189 398.799
612.305 384.450
603.777 385.301
605.102 395.506
603.531 395.752

Building 7 6 318.730
602.200 383.345
613.050 381.904
624.113 382.355
624.694 373.257
616.987 367.104
599.369 370.238
601.072 379.387

Building 4 5 135.250
613.848 397.030
623.138 397.613
624.044 383.436
613.979 383.293

Building 4 7 66.979
614.599 404.810
622.646 405.302
623.138 397.613
613.848 397.030

Building 10 6 169.976
614.480 419.068
622.614 419.410
622.857 415.981
622.069 414.334
622.646 405.302
614.599 404.810
614.619 406.514
607.785 407.584
609.298 414.292
611.383 416.686

Building 6 4 74.256
616.163 430.367
621.820 430.623
622.614 419.410
614.480 419.068
614.454 422.171
615.948 422.324

Building 9 5 198.660
595.561 397.030
603.531 395.752
602.200 383.345
601.072 379.387
584.868 381.631
586.147 389.636
597.597 387.780
597.810 389.206
594.728 389.878

Building 7 3 177.896
594.873 380.246
601.072 379.387
599.369 370.238
598.640 366.875
582.880 370.531
584.192 379.759
594.217 378.373

Building 4 6 138.250
567.960 413.372
577.510 411.648
575.159 398.004
565.152 399.621

Building 4 6 77.756
565.779 397.897
576.324 395.873
575.460 388.878
565.087 390.277

Building 4 5 61.875
576.324 395.873
585.243 394.063
584.275 387.437
575.460 388.878

Building 5 4 106.466
565.087 390.277
575.460 388.878
584.275 387.437
583.351 381.733
564.630 385.112

Building 6 4 68.847
584.838 395.970
585.588 399.166
595.561 397.030
594.728 389.878
586.293 391.293
586.878 395.574

Building 4 6 186.893
564.877 383.485
584.192 379.759
582.880 370.531
563.018 374.232

Building 4 4 147.214
563.018 374.232
574.975 372.004
572.938 359.964
560.522 363.111

Building 4 1 95.037
576.267 370.548
587.882 367.854
586.126 360.158
574.944 362.211

Building 4 1 49.156
574.944 362.211
586.126 360.158
585.526 355.853
574.209 358.027

Building 5 1 126.256
549.625 375.118
558.243 373.761
560.734 373.352
558.558 362.117
547.932 363.732

Building 4 7 47.642
586.541 355.715
596.462 354.299
595.600 349.421
585.828 351.170

Building 12 6 133.596
574.209 358.027
585.526 355.853
586.541 355.715
585.828 351.170
594.619 349.596
593.749 345.347
585.236 346.859
585.327 348.466
574.011 350.211
574.450 354.286
572.356 354.812
572.709 357.870

Building 6 7 164.755
572.002 348.877
585.236 346.859
593.749 345.347
592.482 338.553
580.795 339.791
570.296 341.638

Building 4 5 110.475
560.687 359.975
571.638 358.312
570.105 348.693
558.868 350.148

Building 4 7 69.183
558.868 350.148
570.105 348.693
568.752 342.353
558.022 344.223

Building 6 6 87.507
586.414 324.642
588.937 324.789
596.660 323.307
595.867 319.805
595.403 314.846
585.722 316.043

Building 5 3 71.479
589.809 331.598
600.477 329.660
598.891 323.375
596.660 323.307
588.937 324.789

Building 8 8 161.731
581.471 337.205
592.549 336.365
601.537 334.515
600.477 329.660
589.809 331.598
588.937 324.789
586.414 324.642
579.998 326.282

Building 8 4 228.056
559.670 341.943
580.735 337.563
578.590 325.118
575.079 325.106
575.242 329.383
568.183 330.612
567.968 329.347
558.526 330.281

Building 4 5 70.151
566.478 317.748
573.484 316.746
571.593 306.572
565.182 307.455

Building 6 4 83.352
572.765 312.878
582.239 311.511
581.275 302.217
574.341 303.277
574.709 306.022
571.593 306.572

Building 4 6 75.901
581.902 308.261
595.117 306.003
593.367 300.430
581.275 302.217

Building 4 4 191.324
574.341 303.277
593.367 300.430
590.983 290.021
573.045 293.625

Building 15 6 299.134
558.548 319.001
566.478 317.748
565.182 307.455
571.593 306.572
574.709 306.022
573.045 293.625
563.033 295.593
562.619 293.421
561.206 287.307
560.487 287.302
560.229 287.912
559.559 291.086
558.689 295.756
558.286 301.689
557.657 311.278

Building 5 7 74.006
585.722 316.043
595.403 314.846
596.780 314.188
594.966 307.860
584.302 309.733

Building 6 4 82.856
558.526 330.281
567.968 329.347
567.258 323.253
565.511 323.370
564.977 319.945
557.703 320.957

Building 13 8 208.686
567.258 323.253
567.968 329.347
568.183 330.612
575.242 329.383
575.079 325.106
578.590 325.118
584.451 323.778
582.239 311.511
572.765 312.878
573.484 316.746
570.242 317.209
570.211 319.005
566.776 319.405

Building 5 6 171.273
603.166 367.945
614.644 366.240
612.208 351.937
610.371 351.887
600.453 353.957

Building 9 5 250.916
596.462 354.299
600.453 353.957
610.371 351.887
609.601 349.135
611.683 348.316
610.901 343.147
611.206 336.456
594.103 338.300
595.600 349.421

Building 6 6 154.929
603.727 336.034
612.832 333.358
608.949 318.439
603.337 319.593
602.807 317.880
599.403 319.041

Building 6 1 56.011
618.967 348.047
618.952 338.358
618.833 336.315
614.092 336.417
614.216 342.573
614.439 348.446

Building 4 3 329.855
616.215 279.701
624.315 279.951
627.956 238.180
620.507 237.228

Building 4 5 114.394
594.431 225.590
603.587 219.824
598.797 210.899
588.912 216.804

Building 4 5 58.661
584.521 196.261
591.054 192.515
587.337 185.970
580.340 190.009

Building 4 6 266.495
599.404 197.383
610.587 192.589
608.458 170.038
593.712 184.686

Building 4 4 83.218
607.888 209.096
612.863 206.389
607.160 194.058
601.319 196.562

Building 8 1 162.062
599.404 197.383
607.713 214.837
620.240 208.620
613.415 194.918
608.423 196.791
612.863 206.389
607.888 209.096
601.319 196.562

Building 6 5 247.676
567.558 175.973
575.318 174.308
581.179 184.544
584.263 184.095
589.383 178.934
571.768 157.108

Building 5 4 596.167
571.768 157.108
589.383 178.934
606.352 161.863
594.362 149.248
580.275 147.864

Building 8 6 133.846
553.257 197.183
561.880 199.055
562.567 196.841
567.057 194.349
567.252 192.068
560.729 190.650
562.165 182.901
556.351 181.785

Building 4 5 142.501
541.394 191.168
551.755 196.487
554.795 182.253
544.007 180.373

Building 9 4 243.169
567.057 194.349
582.028 186.628
581.179 184.544
575.318 174.308
567.558 175.973
565.778 183.827
562.165 182.901
560.729 190.650
567.252 192.068

Building 11 6 135.315
551.740 243.229
558.261 239.921
559.239 243.200
569.957 239.351
568.171 234.060
557.618 236.888
556.055 231.903
551.968 232.868
551.974 234.018
548.544 234.468
551.315 242.250

Building 8 7 145.452
548.544 234.468
551.974 234.018
551.968 232.868
556.055 231.903
557.618 236.888
568.171 234.060
566.527 225.162
546.806 229.521

Building 4 1 231.655
541.068 230.826
556.303 227.422
553.639 212.709
538.522 216.193

Building 4 1 107.236
556.303 227.422
566.527 225.162
559.872 213.422
553.948 214.413

Building 9 2 227.789
537.095 213.283
553.214 210.620
553.639 212.709
553.948 214.413
559.872 213.422
560.544 201.237
550.235 198.069
548.096 205.072
536.297 206.723

Building 4 3 110.223
536.297 206.723
548.096 205.072
550.235 198.069
541.196 193.540

Building 8 4 317.764
554.681 179.823
565.041 182.177
567.977 165.289
569.831 157.290
571.587 151.441
563.199 149.355
561.718 156.114
559.225 155.373

Building 5 4 96.395
563.199 149.355
571.587 151.441
577.355 149.226
577.295 142.297
567.283 142.764

Building 7 4 100.926
576.783 247.843
589.409 234.388
586.352 231.778
578.129 236.694
578.747 237.700
573.190 242.421
573.792 244.403

Building 15 5 411.285
578.129 236.694
586.352 231.778
593.152 227.244
588.418 219.953
581.779 223.700
580.772 221.870
588.912 216.804
584.115 208.133
566.482 218.927
571.076 227.983
578.505 223.375
579.603 225.264
570.689 230.782
571.516 234.154
574.489 239.260

Building 6 4 262.537
566.482 218.927
584.115 208.133
577.325 196.744
562.150 205.983
564.131 209.037
561.800 210.683

Building 15 7 367.217
588.912 216.804
598.466 211.096
595.428 205.422
595.381 203.489
592.014 197.184
593.600 196.043
591.054 192.515
584.521 196.261
580.340 190.009
565.226 197.904
563.873 199.864
562.586 203.354
562.150 205.983
577.325 196.744
584.115 208.133

Building 4 5 122.524
475.633 262.880
485.813 260.287
483.897 248.883
473.539 251.424

Building 4 4 115.431
478.352 273.512
488.578 270.876
485.813 260.287
475.633 262.880

Building 4 6 129.931
490.516 271.339
503.915 268.386
502.024 258.999
488.375 262.468

Building 8 4 155.685
487.600 260.682
503.260 256.629
497.632 245.507
492.312 247.377
493.434 251.470
489.200 252.311
488.010 247.722
485.266 248.541

Building 8 5 146.422
473.035 249.605
483.428 247.290
481.684 238.884
475.217 240.362
472.842 230.105
466.725 231.670
468.581 237.457
470.309 237.176

Building 7 7 326.940
483.428 247.290
496.311 243.785
491.031 235.912
487.008 216.285
475.271 218.404
477.535 229.115
479.582 228.748

Building 7 5 133.506
473.986 229.753
477.535 229.115
475.271 218.404
481.961 217.196
480.506 208.693
469.845 210.748
470.809 216.316

Building 4 4 44.801
481.961 217.196
487.008 216.285
485.715 207.799
480.506 208.693

Building 5 1 315.102
469.845 210.748
485.715 207.799
482.527 188.912
466.784 191.793
467.503 200.762

Building 8 3 199.192
488.406 213.339
508.618 210.390
508.055 205.919
502.679 205.092
503.182 206.911
499.644 207.335
497.670 198.174
486.371 200.582

Building 6 5 187.411
486.371 200.582
497.670 198.174
496.745 191.755
494.481 191.922
493.185 181.759
483.734 180.254

Building 6 6 61.282
499.644 207.335
503.182 206.911
502.679 205.092
503.204 193.574
497.150 194.566
497.670 198.174

Building 6 6 80.049
504.361 202.833
511.907 204.566
513.922 194.911
505.211 192.671
504.394 196.187
506.193 197.302

Building 5 3 74.150
494.481 191.922
496.745 191.755
502.883 191.014
500.834 182.758
493.185 181.759

Building 9 4 208.997
452.049 195.677
463.082 198.182
464.622 190.377
465.188 186.838
464.863 184.467
464.543 180.716
450.048 180.693
448.932 185.895
453.688 186.886

Building 4 7 145.170
466.784 191.793
482.527 188.912
480.924 179.543
466.356 182.388

Building 4 4 87.464
483.352 177.944
490.746 176.640
488.924 165.320
481.265 166.727

Building 6 4 64.279
493.316 179.803
500.509 179.122
500.537 171.536
495.890 171.498
495.714 169.651
492.857 169.608

Building 6 5 179.124
503.433 180.203
518.155 177.793
517.701 171.909
519.214 171.661
518.980 167.634
501.417 168.069

Building 4 6 108.937
507.882 167.914
518.980 167.634
518.390 157.454
507.734 158.094

Building 4 2 63.588
501.417 168.069
507.882 167.914
507.734 158.094
501.477 157.897

Building 6 4 55.736
491.101 165.706
499.296 165.817
499.216 159.347
490.389 159.149
490.286 162.680
491.145 162.833

Building 5 3 110.668
501.477 157.897
507.734 158.094
512.414 157.813
512.454 147.672
501.432 148.123

Building 6 7 111.599
512.414 157.813
518.390 157.454
518.680 154.248
526.424 153.506
526.130 147.284
512.454 147.672

Building 11 4 187.552
451.264 178.736
466.530 177.590
467.308 179.263
468.978 179.317
468.366 172.958
464.297 173.133
463.265 168.056
458.572 168.069
458.081 162.029
452.023 163.282
451.591 165.822

Building 4 4 92.704
471.217 179.688
481.200 177.445
479.524 168.701
469.512 170.584

Building 6 3 43.469
456.240 162.410
458.081 162.029
458.572 168.069
463.265 168.056
462.349 159.175
456.186 160.075

Building 5 5 166.680
465.941 170.949
469.512 170.584
479.524 168.701
477.339 156.576
463.928 159.390

Building 7 6 65.686
480.806 164.025
487.316 162.701
485.495 154.566
477.385 155.170
477.339 156.576
477.885 159.609
479.926 159.423

Building 7 1 311.204
477.156 152.510
487.223 153.229
489.006 152.763
489.421 151.259
493.047 129.952
481.658 127.967
479.561 127.564

Building 8 1 260.508
487.449 153.170
487.727 156.981
499.379 156.718
499.085 143.123
501.639 129.042
493.452 127.572
489.421 151.259
489.006 152.763

Building 11 8 202.827
519.321 181.934
519.400 183.910
522.363 184.589
523.562 178.641
528.111 153.657
526.424 153.506
518.680 154.248
518.390 157.454
519.214 171.661
517.701 171.909
518.155 177.793

Building 4 5 74.408
425.680 260.651
432.880 259.532
431.186 249.179
424.205 250.580

Building 9 5 138.131
440.212 258.455
455.824 255.295
454.634 248.669
453.091 245.607
449.203 246.017
449.781 249.497
443.554 250.931
443.115 247.647
438.577 248.262

Building 11 5 192.773
455.824 255.295
455.984 256.412
459.011 255.197
463.373 254.381
471.757 253.106
469.515 241.410
456.527 244.046
455.969 242.911
452.937 243.465
453.091 245.607
454.634 248.669

Building 8 10 119.578
452.937 243.465
455.969 242.911
467.389 240.539
465.452 233.692
458.391 234.984
457.928 233.603
454.926 233.509
450.643 235.199

Building 4 5 79.567
449.844 222.291
456.266 221.179
454.102 209.152
447.458 210.986

Building 4 6 88.013
440.503 224.458
449.844 222.291
447.960 213.363
438.713 215.248

Building 14 4 428.864
454.926 233.509
457.928 233.603
466.725 231.670
472.842 230.105
475.217 240.362
481.684 238.884
479.582 228.748
473.986 229.753
470.809 216.316
468.379 217.081
465.722 206.921
455.166 209.289
458.454 222.911
453.484 223.831

Building 5 3 124.981
442.709 235.205
450.643 235.199
454.926 233.509
453.484 223.831
441.112 226.135

Building 4 4 69.444
437.337 206.992
444.613 205.144
444.141 196.584
435.306 198.968

Building 12 5 185.601
444.613 205.144
449.063 204.896
451.253 204.774
454.552 205.344
460.120 206.305
460.448 208.104
465.722 206.921
464.990 198.196
463.082 198.182
452.049 195.677
451.884 196.934
444.141 196.584

Building 12 3 146.070
437.528 215.523
447.960 213.363
447.458 210.986
454.102 209.152
455.166 209.289
460.448 208.104
460.120 206.305
451.253 204.774
444.613 205.144
437.337 206.992
437.420 208.858
435.799 209.892

Building 7 5 307.310
499.263 244.442
515.683 238.120
513.253 231.601
504.392 232.836
502.505 222.351
490.059 224.372
491.888 233.971

Building 5 1 111.361
504.392 232.836
513.253 231.601
511.378 219.416
502.611 220.753
502.505 222.351

Building 7 5 126.405
502.611 220.753
511.378 219.416
514.175 218.595
512.169 206.404
508.055 205.919
508.618 210.390
500.917 211.514

Building 8 3 115.531
515.575 218.887
518.625 218.577
520.459 227.681
513.719 228.862
513.828 229.683
524.444 227.903
521.015 209.813
513.570 207.383

Building 5 7 60.199
513.888 259.459
518.053 257.456
513.785 249.480
506.497 252.944
510.097 256.868

Building 5 4 67.453
519.471 257.357
524.283 255.127
526.301 253.801
521.861 246.019
515.497 249.394

Building 6 3 33.836
504.594 262.941
512.455 261.162
509.949 258.035
508.799 257.878
507.612 256.255
503.726 258.465

Building 4 4 152.890
503.318 252.670
519.461 245.405
515.683 238.120
499.263 244.442

Building 6 3 93.199
452.215 276.333
460.991 275.244
460.917 270.406
462.419 270.202
460.910 265.487
451.220 266.807

Building 5 6 59.484
443.968 276.421
452.132 275.539
451.220 266.807
445.570 267.599
444.999 271.800

Building 5 6 74.467
452.618 266.617
460.910 265.487
459.011 255.197
455.984 256.412
452.258 257.415

Building 8 2 67.443
462.671 266.069
468.364 264.799
466.489 257.514
463.847 257.813
463.373 254.381
459.011 255.197
460.678 264.228
462.268 263.833

Building 4 7 60.144
445.570 267.599
452.618 266.617
452.258 257.415
445.951 258.784

Building 11 5 188.636
465.011 276.535
476.027 273.832
472.115 254.483
466.610 255.783
466.489 257.514
468.364 264.799
462.671 266.069
462.268 263.833
460.678 264.228
460.910 265.487
462.419 270.202

Building 11 1 629.104
642.482 239.215
644.371 239.360
645.074 228.359
633.325 227.528
633.798 224.420
634.831 209.342
608.819 221.552
616.566 240.306
620.507 237.228
627.956 238.180
628.737 237.700

Building 5 4 141.409
490.059 224.372
502.505 222.351
502.611 220.753
500.917 211.514
488.406 213.339

Building 15 7 336.987
524.318 336.063
538.279 333.961
536.629 323.383
530.759 324.068
529.893 319.550
528.056 319.688
526.681 310.703
520.709 311.199
520.510 309.627
517.878 310.038
518.321 311.828
513.630 312.833
513.982 316.676
515.014 324.298
522.621 323.125

